Signal_Directions = [0 89.9;
			      1 89.8;
			      2 89.7;
			      3 89.9;
			      4 89.8;
			      5 89.8;
			      6 89.9;
			      7 89.9;
			      8 89.7;
			      9 89.7;
			      10 89.9;];
Signal_Directions1 = [0 89.8;
			     1 89.8;
			     2 89.9;
			     3 89.8;
			     4 89.9;
			     5 89.9;
			     6 89.9;
			     7 89.8;
			     8 89.8;
			     9 89.7;
			     10 89.9;];